Fock matrix file: mol.fsv
GBW file        : mol.loc
Block  0 =    0 to   17
Block  1 =   88 to   92
Block  2 =   93 to  146


WARNING!!!!!!!
Your GBWFile is either corrupt or from a different ORCA version!
Please be VERY careful with your calculation results!!!

Data_size, sizeof( TOrcaInfo ): 776296, 776304
Successfully read the orbitals matrix of dimension  801
Successfully read the Fock matrix of dimension  801
Starting block diagonalization:

Local Fock Matrix
                  0          1          2          3          4          5    
      0      -2.634817  -1.315671  -0.631400  -0.174713   0.544785  -1.527912
      1      -1.315671 -14.799786  -1.255772  -0.448937   0.794560  -9.410407
      2      -0.631400  -1.255772  -2.724809   0.600048  -0.820164  -1.649883
      3      -0.174713  -0.448937   0.600048 -14.775966   0.522921  -1.246105
      4       0.544785   0.794560  -0.820164   0.522921 -12.074082   0.341614
      5      -1.527912  -9.410407  -1.649883  -1.246105   0.341614 -126.646576
      6      -0.240184   0.452505   0.514890   1.043963   1.050833   1.008067
      7      -0.606971  -0.909183  -0.629567  -1.723588  -0.071721  -1.557042
      8      -0.306200  -3.138659  -0.539188   0.761526   1.135645  -3.287273
      9      -0.211720  -1.012777  -0.218807   0.280234   0.385820  -0.502499
     10       1.132512   5.740174   1.158110   1.354685  -0.267818   9.905265
     11       0.776375   0.345590   0.827664   1.535067   0.974769   1.417212
     12      -1.002669  -3.443001  -2.367008   0.409785  -2.044905  -8.248078
     13       2.155748   1.873474   0.709754   0.189284  -1.409459   4.267591
     14       0.285961  -0.802378  -0.908681   2.104884  -3.084785   2.001998
     15       0.947782   2.188083  -0.087426  -1.826892   1.504407  -0.390884
     16       0.436674  -3.865702   0.462334   3.243805   2.964879   1.062566
     17       3.206956  18.593468   3.378381   2.632549   3.208145 -127.544040
                  6          7          8          9         10         11    
      0      -0.240184  -0.606971  -0.306200  -0.211720   1.132512   0.776375
      1       0.452505  -0.909183  -3.138659  -1.012777   5.740174   0.345590
      2       0.514890  -0.629567  -0.539188  -0.218807   1.158110   0.827664
      3       1.043963  -1.723588   0.761526   0.280234   1.354685   1.535067
      4       1.050833  -0.071721   1.135645   0.385820  -0.267818   0.974769
      5       1.008067  -1.557042  -3.287273  -0.502499   9.905265   1.417212
      6     -10.145777   0.684338  -0.037969  -0.115896  -1.010038  -0.658398
      7       0.684338  -2.729956  -0.356147  -0.215367   1.980007   0.996008
      8      -0.037969  -0.356147 -12.073576  -1.014865   3.035570  -1.255433
      9      -0.115896  -0.215367  -1.014865  -2.092942   0.963497  -0.514943
     10      -1.010038   1.980007   3.035570   0.963497 -16.017198  -0.822221
     11      -0.658398   0.996008  -1.255433  -0.514943  -0.822221 -11.579221
     12       1.284291  -1.270158  -0.676530   0.048511   4.180724   2.439976
     13       0.809351   0.414157  -0.393153  -0.362637  -1.130118  -2.205145
     14       2.478858   0.783165  -1.786663   0.022846  -4.078395  -0.974046
     15       2.544773  -0.705639  -1.874948   0.051822   2.394284  -0.625750
     16      -1.494462   0.482007  -6.089189  -0.702364   2.984014  -5.209377
     17      -2.597486   3.343517   6.353876   1.071907 -20.356396  -4.179061
                 12         13         14         15         16         17    
      0      -1.002669   2.155748   0.285961   0.947782   0.436674   3.206956
      1      -3.443001   1.873474  -0.802378   2.188083  -3.865702  18.593468
      2      -2.367008   0.709754  -0.908681  -0.087426   0.462334   3.378381
      3       0.409785   0.189284   2.104884  -1.826892   3.243805   2.632549
      4      -2.044905  -1.409459  -3.084785   1.504407   2.964879   3.208145
      5      -8.248078   4.267591   2.001998  -0.390884   1.062566 -127.544040
      6       1.284291   0.809351   2.478858   2.544773  -1.494462  -2.597486
      7      -1.270158   0.414157   0.783165  -0.705639   0.482007   3.343517
      8      -0.676530  -0.393153  -1.786663  -1.874948  -6.089189   6.353876
      9       0.048511  -0.362637   0.022846   0.051822  -0.702364   1.071907
     10       4.180724  -1.130118  -4.078395   2.394284   2.984014 -20.356396
     11       2.439976  -2.205145  -0.974046  -0.625750  -5.209377  -4.179061
     12     -15.335484   2.354111  -2.685092  -1.630488   3.794879  16.891272
     13       2.354111 -15.484182  -1.678711  -5.182251  -5.058431  -9.040374
     14      -2.685092  -1.678711 -95.133149   0.073444  -0.057751   8.341968
     15      -1.630488  -5.182251   0.073444 -94.943277   0.372224  -2.601595
     16       3.794879  -5.058431  -0.057751   0.372224 -93.725709   1.821719
     17      16.891272  -9.040374   8.341968  -2.601595   1.821719 -710.600763
Local Eigenvectors
                  0          1          2          3          4          5    
      0      -0.003993   0.026894  -0.003879  -0.008182  -0.008453  -0.115795
      1      -0.022918   0.150605   0.055474   0.003569  -0.024195  -0.447143
      2      -0.004230   0.028527  -0.005109   0.010534  -0.005069  -0.125690
      3      -0.003209   0.023572  -0.041267  -0.013592   0.030911  -0.120767
      4      -0.004468   0.002253  -0.036816   0.023393  -0.034742   0.014972
      5       0.202665   0.939134   0.030465   0.048649  -0.024555   0.265762
      6       0.003326  -0.018173   0.020289  -0.040341  -0.011341   0.099400
      7      -0.004162   0.028092  -0.005760  -0.003009   0.011276  -0.124915
      8      -0.007891   0.052070   0.076614   0.034625   0.013650  -0.207395
      9      -0.001352   0.009194   0.010356   0.000484   0.000625  -0.041151
     10       0.025094  -0.164485  -0.041921   0.019015  -0.050003   0.511548
     11       0.005349  -0.032086   0.064522   0.016066   0.005258   0.225781
     12      -0.020913   0.135798  -0.044602   0.040714  -0.003721  -0.451756
     13       0.011192  -0.074708   0.056239   0.050421   0.049681   0.297894
     14      -0.013274  -0.050495  -0.013555   0.865869  -0.489467  -0.016039
     15       0.004072  -0.002697  -0.073853   0.487235   0.865209   0.004185
     16      -0.003122  -0.035650   0.984762   0.043917   0.053950  -0.005489
     17       0.978173  -0.182748  -0.002422   0.000063  -0.004862  -0.097159
                  6          7          8          9         10         11    
      0       0.030989  -0.074311   0.079147   0.003074  -0.003932   0.018672
      1      -0.317077  -0.056322  -0.010518  -0.131224  -0.031550   0.172374
      2       0.039778   0.101537   0.038874   0.015046   0.004330  -0.040461
      3       0.247210  -0.526527  -0.692617  -0.180451  -0.162917  -0.247398
      4       0.278003   0.542999  -0.189122  -0.115865   0.042656   0.184521
      5       0.030735  -0.017478  -0.001048   0.029660   0.006135  -0.009143
      6      -0.094457  -0.138604   0.262656  -0.064965  -0.892403   0.180003
      7       0.043739  -0.030184  -0.104630   0.019673   0.003873  -0.006834
      8      -0.485579  -0.007655   0.033647   0.462408   0.015958  -0.527963
      9      -0.108315   0.003263  -0.005341   0.008261  -0.008492   0.005693
     10       0.251618  -0.056047   0.211104   0.066104  -0.033675  -0.509748
     11      -0.464597   0.018012   0.041337  -0.787930   0.143044  -0.210282
     12       0.287731   0.419924   0.109348  -0.249771  -0.273299  -0.504738
     13      -0.335551   0.451871  -0.577267   0.171122  -0.277858  -0.009298
     14      -0.003076  -0.060984  -0.007543  -0.000606  -0.017444   0.045148
     15       0.027256  -0.024365   0.063073  -0.011554  -0.003458   0.027486
     16       0.154438  -0.007576   0.005281  -0.007484   0.005798  -0.003323
     17      -0.008562   0.007872  -0.000795  -0.010886  -0.001965   0.005003
                 12         13         14         15         16         17    
      0      -0.007198   0.010576  -0.535201   0.118522   0.819623  -0.012117
      1      -0.752006  -0.216527   0.076428   0.039884  -0.024010  -0.032032
      2      -0.021124  -0.002793  -0.546312   0.152425  -0.382325   0.706828
      3      -0.050821   0.159675   0.033760  -0.032764   0.023415   0.113112
      4      -0.297593   0.667919   0.003775  -0.027064   0.049702  -0.039415
      5       0.006091   0.002149  -0.011052  -0.002736  -0.001203   0.001122
      6       0.009308   0.230938  -0.027203   0.023303  -0.052387  -0.006165
      7       0.053101   0.007694  -0.545039   0.170791  -0.403166  -0.691043
      8       0.017919   0.459021   0.054264   0.053002   0.016432  -0.010731
      9      -0.004244   0.005197  -0.258862  -0.958084  -0.032134  -0.012458
     10      -0.549185  -0.108296  -0.109675  -0.023162  -0.019063  -0.058216
     11       0.094323   0.145776  -0.081747   0.056493  -0.005586  -0.008106
     12       0.160759  -0.249263   0.119587  -0.049413   0.048536  -0.058168
     13      -0.003305  -0.348835  -0.084795   0.051382   0.095371   0.012803
     14       0.036951  -0.002479   0.001153   0.000429  -0.001956  -0.004518
     15      -0.042747   0.021348  -0.001327  -0.003059   0.003128  -0.000242
     16       0.002758  -0.000618  -0.000604  -0.006900  -0.000229   0.000312
     17      -0.002459   0.001564   0.004321   0.000801   0.000659  -0.000720
Local Eigenvalues (eV)
	  0     -20101.815520
	  1     -2916.421359
	  2     -2602.413367
	  3     -2602.398932
	  4     -2602.397255
	  5     -529.981607
	  6     -424.312590
	  7     -424.243632
	  8     -424.240961
	  9     -251.207934
	 10     -251.113844
	 11     -251.108271
	 12     -251.106140
	 13     -251.100956
	 14     -79.591371
	 15     -49.077701
	 16     -48.712655
	 17     -48.694931

Local Fock Matrix
                  0          1          2          3          4    
      0       0.015718   0.000786  -0.000332   0.001646  -0.001755
      1       0.000786   0.014615   0.002846  -0.000737   0.000421
      2      -0.000332   0.002846   0.110916   0.009396   0.011409
      3       0.001646  -0.000737   0.009396   0.111112   0.012721
      4      -0.001755   0.000421   0.011409   0.012721   0.116450
Local Eigenvectors
                  0          1          2          3          4    
      0      -0.464117   0.885326   0.027930  -0.000212  -0.003657
      1       0.885063   0.464359  -0.010822  -0.028194   0.011081
      2      -0.028150  -0.011552  -0.040810  -0.856228   0.514083
      3       0.018735  -0.012795   0.789956   0.286961   0.541394
      4      -0.010788   0.016473  -0.611070   0.428639   0.665187
Local Eigenvalues (eV)
	  0       0.383432
	  1       0.437515
	  2       2.744395
	  3       2.779613
	  4       3.690906

Local Fock Matrix
                  0          1          2          3          4          5    
      0       1.707423   0.115359   0.123687   0.087439  -0.022136   0.065755
      1       0.115359   1.677959   0.084341   0.551419   0.041476   0.060003
      2       0.123687   0.084341   1.612463  -0.004980   0.001500   0.054971
      3       0.087439   0.551419  -0.004980  13.249866   0.003140  -0.375438
      4      -0.022136   0.041476   0.001500   0.003140   0.713918   0.038499
      5       0.065755   0.060003   0.054971  -0.375438   0.038499   1.212498
      6      -0.035698  -0.033664   0.003456  -0.446606   0.032966  -0.013328
      7       0.105007  -0.061764  -0.028607  -0.423822  -0.053755   0.030989
      8       0.060075   0.020013   0.007170   0.267553   0.087105  -0.024755
      9      -1.689764  -1.245609  -0.551179 -28.381323  -0.249339   2.068627
     10      -0.015719  -0.022447   0.078189  -1.630656  -0.006857   0.307555
     11       0.013093   0.003503   0.039091   0.058137  -0.027267  -0.010037
     12      -0.060451  -0.071543  -0.005742  -0.198006  -0.003040   0.032731
     13       3.607562   2.772984   0.825236  61.869994   0.315414  -4.090669
     14      -1.198034  -2.031682  -0.333885 -34.393563  -0.134943   1.678945
     15      -0.226339  -0.249440  -0.157851  -3.349809  -0.085952   0.022209
     16      -0.010886   0.020291  -0.000430   0.265494   0.032262   0.017942
     17      -0.153785  -0.063671  -0.684279  -0.519602  -0.306993  -0.249401
     18      -0.016973  -0.036320   0.015855  -0.661531  -0.019914   0.261485
     19       1.630302   1.179033   0.298254  25.903530   0.172089  -1.694029
     20       0.013864  -0.046453   0.173932   0.164730  -0.036443  -0.032452
     21      -0.257918  -0.306210   0.311258  -0.132838  -0.262789  -0.611664
     22      -0.512235  -0.146081   0.031787  -4.895943  -0.102084   0.453022
     23       0.019563  -0.034666   0.002566  -0.075744   0.067891   0.018191
     24      -0.111371   0.513615  -0.144074   5.854483  -0.081149  -0.212064
     25       0.018242  -0.011967  -0.010042  -0.072607   0.129643  -0.011599
     26      -1.011819  -1.647430   0.049288 -31.187338   0.046993   2.158564
     27       0.099006   0.104847  -0.056125   2.796208   0.036004  -0.452260
     28      -0.108803  -0.093680  -0.166292  -0.203503  -0.156021  -0.228812
     29      -0.026014  -0.053582   0.018877  -0.389066  -0.049089   0.019598
     30      -0.018776   0.053067  -0.396785  -2.318795   0.083647   0.336349
     31      -0.004593  -0.018476   0.031896  -0.026171  -0.010787   0.021439
     32      -0.014710  -0.117425   0.120982  -0.618788  -0.048385  -0.016593
     33      -1.179773  -2.312445  -0.584199 -46.496327   0.177851   3.556730
     34      -0.494067   0.074108   0.151049  -1.966713   0.018072   0.258694
     35       0.126467   0.142557   0.061554   1.621355   0.257674  -0.067921
     36       0.528330  -0.543977   0.029130  -5.036130   0.066645  -0.053293
     37      -0.004645  -0.045977   0.019188  -0.145264  -0.003359  -0.006665
     38      -0.227976  -0.189130  -0.163604  -3.897172  -0.018788   0.237513
     39       0.022279   0.037837   0.019671  -0.069409  -0.020617  -0.049925
     40      -0.036358   0.015851   0.012675   0.206087   0.007440  -0.019225
     41       1.043232   0.733126   0.691942  25.187742  -0.219986  -2.625308
     42      -0.020514   0.407622   1.279501   4.907354   0.380882   0.264670
     43      -0.196983   0.057916   0.080941   0.170392  -0.135554   0.005994
     44      -0.052026   0.065335   0.001651   0.338282  -0.053322   0.004247
     45       0.086416  -0.228064   0.059147  -1.419612   0.005145   0.002248
     46      -0.154161  -0.246559   0.033049   0.824892  -0.445505  -0.016515
     47       0.197750  -0.834519  -0.285853  -9.594210   0.004480  -0.330415
     48      -0.033022  -0.013101  -0.046383  -0.961149   0.027972   0.034166
     49       0.611849   1.145258  -0.388442  15.327335   0.211875  -0.641790
     50      -0.010991   0.007201   0.027089  -0.010682   0.089217  -0.010917
     51       0.714319  -0.456278   0.488926  -1.445793   0.172814  -0.158481
     52       0.020043  -0.021952   0.024423   0.257041  -0.006361  -0.029733
     53       0.176294   0.205555   0.055987   1.993015   0.081005  -0.135770
                  6          7          8          9         10         11    
      0      -0.035698   0.105007   0.060075  -1.689764  -0.015719   0.013093
      1      -0.033664  -0.061764   0.020013  -1.245609  -0.022447   0.003503
      2       0.003456  -0.028607   0.007170  -0.551179   0.078189   0.039091
      3      -0.446606  -0.423822   0.267553 -28.381323  -1.630656   0.058137
      4       0.032966  -0.053755   0.087105  -0.249339  -0.006857  -0.027267
      5      -0.013328   0.030989  -0.024755   2.068627   0.307555  -0.010037
      6       2.715387  -0.873420  -0.042979   1.057159   0.038743  -0.198998
      7      -0.873420   7.216660  -0.017571   0.814170   0.066433   0.086396
      8      -0.042979  -0.017571   0.832339  -1.539617  -0.047017   0.055077
      9       1.057159   0.814170  -1.539617 832.355564   8.613258  -0.780231
     10       0.038743   0.066433  -0.047017   8.613258   3.311739  -0.011248
     11      -0.198998   0.086396   0.055077  -0.780231  -0.011248   1.134436
     12      -0.009684   0.021699  -0.073379   1.017902   0.105389  -0.009856
     13      -2.669644  -1.300498   2.669149 -1173.052617 -17.270399   1.365351
     14       0.578162   1.602074  -1.306736 783.160428   7.410896  -0.435280
     15       0.095839   0.149706  -0.253744  14.805274   0.402538  -0.075665
     16       0.292527  -0.164150  -0.001282  -0.285077   0.094529  -0.181045
     17      -0.780708   0.234326  -0.649490  13.608407  -1.563031  -0.203179
     18      -0.031902   0.057817  -0.027819   3.103931   0.379864   0.076718
     19      -1.334283  -0.393189   1.186930 -1044.963392  -7.161448   0.594573
     20      -0.126486  -0.087207   0.209890  -3.018964   0.277965   0.188599
     21       0.877928  -0.425198  -0.390415 -12.110934  -2.364986   0.015811
     22      -0.150266  -0.060368  -0.305402  35.319329   1.816308  -0.061904
     23       0.040201  -0.011044  -0.006616   0.448851   0.037676  -0.045320
     24      -0.066924  -0.455610  -0.014259 -13.471998  -1.111496  -0.083860
     25       0.008982  -0.028550  -0.052269  -0.660373  -0.010829  -0.002150
     26       0.753209   1.475755  -0.926056 171.054045   9.633570  -0.384145
     27      -0.049316  -0.092809   0.173041 -14.176575  -2.301095   0.063729
     28       0.038721  -0.027552  -0.305371   1.406479  -1.372090  -0.084945
     29      -0.235726  -0.069282  -0.013438   2.107401   0.160759   0.028280
     30      -0.239455   0.203493  -0.038546  16.135741   1.138872  -0.186651
     31       0.125183  -0.057000   0.018822   0.759533   0.048585  -0.197037
     32       0.357361   0.017713   0.036263   1.068001   0.046166  -0.097534
     33      -0.116515   2.858972  -1.337972 923.525550  15.413416  -0.678453
     34       0.394368  -0.332222  -0.051586  17.690225   1.045673  -0.028912
     35      -0.116362  -0.059645   0.611194  -8.399697  -0.423112   0.173744
     36      -1.208475   1.057251   0.021676  -6.403851   0.073556   0.223131
     37       0.098317   0.022451   0.039715   0.782874  -0.092198  -0.059110
     38       0.880222   0.131367  -0.380917  24.369768   1.001570  -0.393253
     39      -0.015436  -0.190529   0.033336  -2.090742  -0.214330   0.096252
     40       0.149984  -1.139216   0.006844  -0.308942   0.012586  -0.028651
     41       0.028827  -1.221322   0.626237 -652.589667 -10.902363   0.609462
     42       1.557947  -1.055182   1.055150 -315.966904   1.863507   0.363765
     43      -0.201377  -0.342613  -0.019285   2.386158  -0.243915   0.048224
     44      -0.100961   0.167710  -0.033995   0.007651  -0.019801   0.017638
     45       0.102185   0.280877  -0.042064   1.608468  -0.204413   0.063870
     46       0.310406   0.136742  -1.003006 -681.416967  -0.038527  -0.285758
     47      -0.717516   0.892164  -0.124650 -227.855570  -1.317483   0.147745
     48       0.330133  -0.324333   0.008716   2.109121   0.108479  -0.125201
     49      -1.025281  -0.506398   0.834302 -727.363537  -3.234305   0.161870
     50      -0.111591  -0.351629  -0.000703  -1.077109  -0.012645   0.049586
     51      -0.424513   0.718544   0.396518 -38.539397  -0.100135   0.356444
     52      -0.026034   0.624216  -0.042027  -0.076496  -0.037219  -0.075828
     53      -0.101247  -0.125578   0.265819 -10.145766  -0.726515   0.082117
                 12         13         14         15         16         17    
      0      -0.060451   3.607562  -1.198034  -0.226339  -0.010886  -0.153785
      1      -0.071543   2.772984  -2.031682  -0.249440   0.020291  -0.063671
      2      -0.005742   0.825236  -0.333885  -0.157851  -0.000430  -0.684279
      3      -0.198006  61.869994 -34.393563  -3.349809   0.265494  -0.519602
      4      -0.003040   0.315414  -0.134943  -0.085952   0.032262  -0.306993
      5       0.032731  -4.090669   1.678945   0.022209   0.017942  -0.249401
      6      -0.009684  -2.669644   0.578162   0.095839   0.292527  -0.780708
      7       0.021699  -1.300498   1.602074   0.149706  -0.164150   0.234326
      8      -0.073379   2.669149  -1.306736  -0.253744  -0.001282  -0.649490
      9       1.017902 -1173.052617 783.160428  14.805274  -0.285077  13.608407
     10       0.105389 -17.270399   7.410896   0.402538   0.094529  -1.563031
     11      -0.009856   1.365351  -0.435280  -0.075665  -0.181045  -0.203179
     12       1.411152  -1.806503   0.820814   0.151801   0.006499   0.126103
     13      -1.806503 3130.359930 -1747.173241 -27.569674   0.452087  -3.729237
     14       0.820814 -1747.173241 1297.906025  13.330965  -0.676046   0.046933
     15       0.151801 -27.569674  13.330965   4.470295  -0.160448   3.449206
     16       0.006499   0.452087  -0.676046  -0.160448   2.617880  -0.186660
     17       0.126103  -3.729237   0.046933   3.449206  -0.186660  28.480620
     18       0.210471  -6.134674   2.785907   0.155860  -0.016106  -0.259885
     19      -0.763178 1854.317961 -1396.537268 -11.870469   0.159324  -1.378279
     20      -0.069096   4.598032  -1.813122  -0.372884   0.163850  -1.728160
     21      -0.090854  20.825035  -3.822771   1.310566  -0.311271  -0.637669
     22       0.221686 -76.493398  31.883921   3.466919  -0.522158   0.396288
     23      -0.013665  -0.984638   0.408635   0.065843   0.023026  -0.129689
     24      -0.058881  27.141356 -17.499036  -1.530228   0.233094   1.939301
     25      -0.017002   1.272743   0.043037  -0.019871  -0.034776  -0.059178
     26       0.897171 -417.522389 321.271045  11.984416  -0.457519  -4.347747
     27      -0.205378  28.428577 -12.570271  -0.929358  -0.207429   1.218496
     28       0.014076  -1.218417   1.559440   1.403689  -0.147839   4.632239
     29       0.028366  -2.995625   1.736856   0.245338  -0.255139   1.510718
     30       0.096084 -27.704019  10.951420   1.308266  -0.249670   4.031929
     31       0.000827  -1.421784   0.445707   0.006490   0.082723   0.031696
     32       0.009485  -2.799517   2.000089   0.010072   0.221164  -1.520320
     33       1.449949 -1582.713505 1124.358327  17.869320  -0.746540   4.894878
     34       0.059312 -35.750489  11.401074   1.400482   0.208113  -1.752207
     35       0.053160  15.832548  -7.942119  -1.379394   0.041617  -2.642028
     36       0.022899  13.817095  13.222549   0.293632  -0.444827   0.112390
     37       0.009061  -1.158918   0.360900   0.041495  -0.013354   0.550226
     38       0.162258 -45.424431  20.195401   2.765944   0.706922   3.669004
     39      -0.024202   4.050686  -1.989826  -0.162511  -0.137195  -0.110111
     40      -0.002684   0.712529   0.654507   0.006638  -0.052190   0.143024
     41      -0.935225 1068.128064 -805.910871 -10.107924   0.055587  -3.917373
     42      -0.262521 632.457054 -391.125506  -5.820839   0.648683 -37.555982
     43       0.036741  -5.195324   1.069787   0.177356   0.147357  -0.321844
     44      -0.007989  -0.230037  -0.229626  -0.036645   0.019535  -0.291772
     45       0.051278  -3.698405   3.542470   0.292739  -0.025416  -0.473083
     46       0.396157 2475.237118 -1167.095221   5.815475  -0.338883  26.327084
     47      -0.102461 -492.378935 172.743973   1.031889  -0.495144  -3.165803
     48      -0.001595  -3.889498   0.971059   0.150031   0.216081   0.273558
     49      -0.447418 1023.650690 -702.150547  -7.465970   0.424254   0.866136
     50      -0.007657   1.718542   1.200538  -0.017774  -0.105469  -0.660720
     51      -0.115406  46.310882 -53.518921  -2.237247  -0.233020 -11.066745
     52       0.005148  -0.340953   1.247155   0.050132   0.139887  -0.866624
     53      -0.068046  20.146869  -9.960210  -1.457525   0.009390  -1.659402
                 18         19         20         21         22         23    
      0      -0.016973   1.630302   0.013864  -0.257918  -0.512235   0.019563
      1      -0.036320   1.179033  -0.046453  -0.306210  -0.146081  -0.034666
      2       0.015855   0.298254   0.173932   0.311258   0.031787   0.002566
      3      -0.661531  25.903530   0.164730  -0.132838  -4.895943  -0.075744
      4      -0.019914   0.172089  -0.036443  -0.262789  -0.102084   0.067891
      5       0.261485  -1.694029  -0.032452  -0.611664   0.453022   0.018191
      6      -0.031902  -1.334283  -0.126486   0.877928  -0.150266   0.040201
      7       0.057817  -0.393189  -0.087207  -0.425198  -0.060368  -0.011044
      8      -0.027819   1.186930   0.209890  -0.390415  -0.305402  -0.006616
      9       3.103931 -1044.963392  -3.018964 -12.110934  35.319329   0.448851
     10       0.379864  -7.161448   0.277965  -2.364986   1.816308   0.037676
     11       0.076718   0.594573   0.188599   0.015811  -0.061904  -0.045320
     12       0.210471  -0.763178  -0.069096  -0.090854   0.221686  -0.013665
     13      -6.134674 1854.317961   4.598032  20.825035 -76.493398  -0.984638
     14       2.785907 -1396.537268  -1.813122  -3.822771  31.883921   0.408635
     15       0.155860 -11.870469  -0.372884   1.310566   3.466919   0.065843
     16      -0.016106   0.159324   0.163850  -0.311271  -0.522158   0.023026
     17      -0.259885  -1.378279  -1.728160  -0.637669   0.396288  -0.129689
     18       0.739541  -2.567380  -0.044374  -0.558551   0.734010   0.064206
     19      -2.567380 1908.006747   1.749442   5.790251 -32.977383  -0.456215
     20      -0.044374   1.749442   2.805903   1.565852  -0.201331  -0.108460
     21      -0.558551   5.790251   1.565852  29.396101  -0.090542   0.183436
     22       0.734010 -32.977383  -0.201331  -0.090542  14.238309   0.129286
     23       0.064206  -0.456215  -0.108460   0.183436   0.129286   0.790072
     24      -0.472699  11.244442  -0.236444  -0.091845  -2.605310  -0.076932
     25      -0.022268   0.576494   0.053214   0.169547  -0.220566  -0.058908
     26       3.286771 -273.524449  -1.406240 -11.961372  30.382182   0.438552
     27      -0.471143  11.894325  -0.426620   2.048190  -3.132452  -0.018597
     28      -0.245985  -0.828216  -0.113905   3.359410   0.145773  -0.004199
     29       0.035248  -1.013936  -0.232556  -1.523518   0.390770  -0.192983
     30       0.402513 -10.965858  -1.484080  -7.186096   2.790041  -0.068505
     31      -0.052488  -0.570613  -0.229061  -0.397518   0.106437  -0.144087
     32       0.042513  -1.246975   0.520273   0.796419   0.381973  -0.126076
     33       5.145808 -1408.658622  -4.493039 -37.829883  43.213256   0.414510
     34       0.410887 -15.862321   0.224034   0.483959   6.304243   0.119813
     35      -0.176260   6.939510  -0.148184  -1.632257  -1.735288  -0.007550
     36       0.105568   7.762189  -0.040470  -0.172622  -4.296650  -0.090087
     37       0.024418  -0.411024   0.413107  -0.826433   0.139234  -0.059442
     38       0.370236 -19.284578  -1.010300  -0.159852   4.612518   0.128254
     39      -0.065939   1.690329  -0.102496   0.498044  -0.544851   0.005692
     40       0.005097   0.407270  -0.005381  -0.126167   0.163752   0.050383
     41      -3.426027 993.449003   4.052910  40.658276 -30.763092  -0.191009
     42       0.181116 448.863541   3.602296   6.944077  -0.262177   0.239214
     43       0.138177  -2.494661   0.242798   0.808114   1.278417   0.036431
     44      -0.016666  -0.152728   0.050082   0.147106   0.274021  -0.019432
     45       0.144646  -1.577206   0.210002   0.720036   0.035374  -0.029206
     46       0.319113 1409.305808  -0.497175  15.720507  -1.763591   0.155130
     47      -0.230214  41.791443  -0.124938   2.965090   1.864747  -0.083901
     48       0.011352  -1.665527  -0.057264  -0.492056  -0.230640   0.025391
     49      -1.340720 1062.431896  -0.660137 -15.207085 -13.431147  -0.378268
     50       0.009309   0.830422   0.097714   0.510812   0.014679  -0.002277
     51      -0.081532  13.406009   1.410474   4.251168  -7.388603  -0.031008
     52       0.014330  -0.174400  -0.236454   0.842161   0.103597  -0.016797
     53      -0.249961   8.703044   0.369258  -0.752861  -2.027844  -0.059136
                 24         25         26         27         28         29    
      0      -0.111371   0.018242  -1.011819   0.099006  -0.108803  -0.026014
      1       0.513615  -0.011967  -1.647430   0.104847  -0.093680  -0.053582
      2      -0.144074  -0.010042   0.049288  -0.056125  -0.166292   0.018877
      3       5.854483  -0.072607 -31.187338   2.796208  -0.203503  -0.389066
      4      -0.081149   0.129643   0.046993   0.036004  -0.156021  -0.049089
      5      -0.212064  -0.011599   2.158564  -0.452260  -0.228812   0.019598
      6      -0.066924   0.008982   0.753209  -0.049316   0.038721  -0.235726
      7      -0.455610  -0.028550   1.475755  -0.092809  -0.027552  -0.069282
      8      -0.014259  -0.052269  -0.926056   0.173041  -0.305371  -0.013438
      9     -13.471998  -0.660373 171.054045 -14.176575   1.406479   2.107401
     10      -1.111496  -0.010829   9.633570  -2.301095  -1.372090   0.160759
     11      -0.083860  -0.002150  -0.384145   0.063729  -0.084945   0.028280
     12      -0.058881  -0.017002   0.897171  -0.205378   0.014076   0.028366
     13      27.141356   1.272743 -417.522389  28.428577  -1.218417  -2.995625
     14     -17.499036   0.043037 321.271045 -12.570271   1.559440   1.736856
     15      -1.530228  -0.019871  11.984416  -0.929358   1.403689   0.245338
     16       0.233094  -0.034776  -0.457519  -0.207429  -0.147839  -0.255139
     17       1.939301  -0.059178  -4.347747   1.218496   4.632239   1.510718
     18      -0.472699  -0.022268   3.286771  -0.471143  -0.245985   0.035248
     19      11.244442   0.576494 -273.524449  11.894325  -0.828216  -1.013936
     20      -0.236444   0.053214  -1.406240  -0.426620  -0.113905  -0.232556
     21      -0.091845   0.169547 -11.961372   2.048190   3.359410  -1.523518
     22      -2.605310  -0.220566  30.382182  -3.132452   0.145773   0.390770
     23      -0.076932  -0.058908   0.438552  -0.018597  -0.004199  -0.192983
     24       7.244867  -0.201963 -18.642432   0.995634   0.682211  -0.099493
     25      -0.201963   0.829601  -0.108958   0.011415   0.029264   0.032704
     26     -18.642432  -0.108958 337.513766 -14.813254  -2.261812   1.605818
     27       0.995634   0.011415 -14.813254   8.508212   0.468482  -0.414676
     28       0.682211   0.029264  -2.261812   0.468482   4.909142   0.107010
     29      -0.099493   0.032704   1.605818  -0.414676   0.107010   2.671352
     30      -0.634475  -0.111092  12.515207  -0.904508  -0.389091   0.973003
     31      -0.005743  -0.018468   0.590167  -0.055452  -0.070422   0.126352
     32      -0.593012   0.034399   2.684363  -0.190486  -0.172845   0.445558
     33     -27.082698  -0.181513 386.574310 -22.578461  -3.979689   4.450692
     34      -0.603082  -0.292636  14.391950  -1.049815  -0.557628  -0.398130
     35       0.501168  -0.032897  -6.084371   1.151815  -1.496256  -0.159357
     36      -4.933031   0.588958   9.240737  -0.058000   0.031656   0.783290
     37      -0.063819   0.053919   0.509622  -0.022661  -0.107091   0.213476
     38      -1.904809  -0.044786  20.425479  -1.809757   0.908158  -0.169587
     39       0.495554  -0.054527  -2.201050   0.367927   0.105228   0.042428
     40      -0.077158  -0.076621   0.422923  -0.022825   0.018107   0.116750
     41      12.268065   0.702780 -231.631137  15.227372   4.336645  -3.323082
     42      -0.172208  -0.154164  95.759355  -1.184820  -6.967385  -2.928869
     43       0.283985  -0.182233   1.296524   0.198883  -0.054483  -0.158047
     44       0.168276  -0.011795  -0.080760   0.023937  -0.062451  -0.082200
     45      -1.248453   0.133430   3.241460   0.196913  -0.123724  -0.025433
     46      -3.663447   0.049881 258.644847  -1.136559   4.078709   0.352750
     47      -3.158093   0.531323 -16.863336   0.952226   2.287407   0.532755
     48       0.199852  -0.116784   1.219210  -0.079559  -0.024458  -0.116550
     49      10.905867  -0.156517  27.720354   6.136823  -1.409574   0.347327
     50      -0.805497   0.288802   0.929058   0.120618  -0.066674   0.026052
     51      -4.531249   0.633812 -24.949555   0.670969  -1.860074  -0.387867
     52      -0.368243   0.066533   1.125255   0.040930   0.004122  -0.116650
     53       1.032254   0.034668  -8.664406   1.380004  -0.985206  -0.152692
                 30         31         32         33         34         35    
      0      -0.018776  -0.004593  -0.014710  -1.179773  -0.494067   0.126467
      1       0.053067  -0.018476  -0.117425  -2.312445   0.074108   0.142557
      2      -0.396785   0.031896   0.120982  -0.584199   0.151049   0.061554
      3      -2.318795  -0.026171  -0.618788 -46.496327  -1.966713   1.621355
      4       0.083647  -0.010787  -0.048385   0.177851   0.018072   0.257674
      5       0.336349   0.021439  -0.016593   3.556730   0.258694  -0.067921
      6      -0.239455   0.125183   0.357361  -0.116515   0.394368  -0.116362
      7       0.203493  -0.057000   0.017713   2.858972  -0.332222  -0.059645
      8      -0.038546   0.018822   0.036263  -1.337972  -0.051586   0.611194
      9      16.135741   0.759533   1.068001 923.525550  17.690225  -8.399697
     10       1.138872   0.048585   0.046166  15.413416   1.045673  -0.423112
     11      -0.186651  -0.197037  -0.097534  -0.678453  -0.028912   0.173744
     12       0.096084   0.000827   0.009485   1.449949   0.059312   0.053160
     13     -27.704019  -1.421784  -2.799517 -1582.713505 -35.750489  15.832548
     14      10.951420   0.445707   2.000089 1124.358327  11.401074  -7.942119
     15       1.308266   0.006490   0.010072  17.869320   1.400482  -1.379394
     16      -0.249670   0.082723   0.221164  -0.746540   0.208113   0.041617
     17       4.031929   0.031696  -1.520320   4.894878  -1.752207  -2.642028
     18       0.402513  -0.052488   0.042513   5.145808   0.410887  -0.176260
     19     -10.965858  -0.570613  -1.246975 -1408.658622 -15.862321   6.939510
     20      -1.484080  -0.229061   0.520273  -4.493039   0.224034  -0.148184
     21      -7.186096  -0.397518   0.796419 -37.829883   0.483959  -1.632257
     22       2.790041   0.106437   0.381973  43.213256   6.304243  -1.735288
     23      -0.068505  -0.144087  -0.126076   0.414510   0.119813  -0.007550
     24      -0.634475  -0.005743  -0.593012 -27.082698  -0.603082   0.501168
     25      -0.111092  -0.018468   0.034399  -0.181513  -0.292636  -0.032897
     26      12.515207   0.590167   2.684363 386.574310  14.391950  -6.084371
     27      -0.904508  -0.055452  -0.190486 -22.578461  -1.049815   1.151815
     28      -0.389091  -0.070422  -0.172845  -3.979689  -0.557628  -1.496256
     29       0.973003   0.126352   0.445558   4.450692  -0.398130  -0.159357
     30       7.429006   0.268962  -0.557566  26.150185   0.661784  -0.349340
     31       0.268962   0.883641   0.147716   1.210307   0.097640   0.028130
     32      -0.557566   0.147716   7.287397   2.555379   0.340580  -0.075569
     33      26.150185   1.210307   2.555379 1698.463990  18.216476  -8.754532
     34       0.661784   0.097640   0.340580  18.216476   7.425004  -0.564154
     35      -0.349340   0.028130  -0.075569  -8.754532  -0.564154   3.387821
     36      -0.058357  -0.110982   0.553859  18.156051  -4.879507  -0.102592
     37       0.142741   0.070928   1.440269   1.497002   0.068071  -0.018291
     38       3.214094   0.260583   0.142785  31.131684   2.179733  -1.568270
     39      -0.082257  -0.068424  -0.257766  -3.569023  -0.110584   0.110612
     40       0.067086   0.026176   0.038535   1.004867  -0.134945   0.003091
     41     -21.236791  -1.119438  -0.388178 -1006.678231 -14.585012   4.419843
     42      -8.359990  -0.137411   2.417899 -390.160434   4.941201   4.368072
     43      -0.363680  -0.066825   0.161518   0.563638   1.178191   0.066003
     44      -0.089658   0.042038   0.101554  -0.462654   0.297044   0.081231
     45      -0.326201  -0.148694   0.307907   4.203413  -0.234724   0.078074
     46       1.796116  -0.108780   0.563284 -692.046519   3.424856  -3.684780
     47      -1.376842  -0.166528  -0.041964 -333.974386  -5.530941  -1.268084
     48       0.349144   0.041214   0.005672   2.063295   0.525528  -0.042227
     49      -0.881118   0.041895  -2.362673 -962.172330  -7.796452   4.495091
     50      -0.328670  -0.040843  -0.027414   1.054576  -0.505521   0.045998
     51      -4.172568  -0.252952   1.323418   5.327079  -4.788377   1.595931
     52      -0.197060   0.088595   0.560040   0.909256  -0.100409  -0.070954
     53      -0.611277  -0.024687  -0.169394 -12.900830  -0.951964   1.432460
                 36         37         38         39         40         41    
      0       0.528330  -0.004645  -0.227976   0.022279  -0.036358   1.043232
      1      -0.543977  -0.045977  -0.189130   0.037837   0.015851   0.733126
      2       0.029130   0.019188  -0.163604   0.019671   0.012675   0.691942
      3      -5.036130  -0.145264  -3.897172  -0.069409   0.206087  25.187742
      4       0.066645  -0.003359  -0.018788  -0.020617   0.007440  -0.219986
      5      -0.053293  -0.006665   0.237513  -0.049925  -0.019225  -2.625308
      6      -1.208475   0.098317   0.880222  -0.015436   0.149984   0.028827
      7       1.057251   0.022451   0.131367  -0.190529  -1.139216  -1.221322
      8       0.021676   0.039715  -0.380917   0.033336   0.006844   0.626237
      9      -6.403851   0.782874  24.369768  -2.090742  -0.308942 -652.589667
     10       0.073556  -0.092198   1.001570  -0.214330   0.012586 -10.902363
     11       0.223131  -0.059110  -0.393253   0.096252  -0.028651   0.609462
     12       0.022899   0.009061   0.162258  -0.024202  -0.002684  -0.935225
     13      13.817095  -1.158918 -45.424431   4.050686   0.712529 1068.128064
     14      13.222549   0.360900  20.195401  -1.989826   0.654507 -805.910871
     15       0.293632   0.041495   2.765944  -0.162511   0.006638 -10.107924
     16      -0.444827  -0.013354   0.706922  -0.137195  -0.052190   0.055587
     17       0.112390   0.550226   3.669004  -0.110111   0.143024  -3.917373
     18       0.105568   0.024418   0.370236  -0.065939   0.005097  -3.426027
     19       7.762189  -0.411024 -19.284578   1.690329   0.407270 993.449003
     20      -0.040470   0.413107  -1.010300  -0.102496  -0.005381   4.052910
     21      -0.172622  -0.826433  -0.159852   0.498044  -0.126167  40.658276
     22      -4.296650   0.139234   4.612518  -0.544851   0.163752 -30.763092
     23      -0.090087  -0.059442   0.128254   0.005692   0.050383  -0.191009
     24      -4.933031  -0.063819  -1.904809   0.495554  -0.077158  12.268065
     25       0.588958   0.053919  -0.044786  -0.054527  -0.076621   0.702780
     26       9.240737   0.509622  20.425479  -2.201050   0.422923 -231.631137
     27      -0.058000  -0.022661  -1.809757   0.367927  -0.022825  15.227372
     28       0.031656  -0.107091   0.908158   0.105228   0.018107   4.336645
     29       0.783290   0.213476  -0.169587   0.042428   0.116750  -3.323082
     30      -0.058357   0.142741   3.214094  -0.082257   0.067086 -21.236791
     31      -0.110982   0.070928   0.260583  -0.068424   0.026176  -1.119438
     32       0.553859   1.440269   0.142785  -0.257766   0.038535  -0.388178
     33      18.156051   1.497002  31.131684  -3.569023   1.004867 -1006.678231
     34      -4.879507   0.068071   2.179733  -0.110584  -0.134945 -14.585012
     35      -0.102592  -0.018291  -1.568270   0.110612   0.003091   4.419843
     36      25.171833  -0.076034  -0.346805  -0.215747   1.484052   4.046123
     37      -0.076034   2.554669  -0.232104  -0.012148   0.005555  -1.410406
     38      -0.346805  -0.232104  10.256717  -0.939079  -0.015433 -19.816544
     39      -0.215747  -0.012148  -0.939079   2.582213  -0.078427   2.224264
     40       1.484052   0.005555  -0.015433  -0.078427   2.446602   0.088853
     41       4.046123  -1.410406 -19.816544   2.224264   0.088853 795.969011
